,Disaese Modifying,Clinical Trial,Drug Central,Symptomatic
0,0.927677154534252,0.6809839874908049,0.7979453190663036,0.8921142718809323
1,0.9569429624945857,0.6698939255008188,0.8266686239732941,0.9514669790581588
2,0.9547766830652701,0.7028545533960222,0.829167200926759,0.9271834093296144
3,0.9493413596786283,0.6721057362866556,0.8446613844093394,0.9133199891481429
4,0.9532189190191421,0.6844302181164166,0.814673736008562,0.9287305755268431
5,0.9672010392762231,0.680211181135912,0.853322350428174,0.9390249623531521
6,0.9568463255412721,0.6791280996597784,0.8190221113267093,0.9170764894463717
7,0.9431685932570908,0.6780011563351573,0.8220276022851756,0.895757113642636
8,0.9617830528360923,0.683439495941112,0.831850421874004,0.9077845928525902
9,0.5,0.5,0.5,0.5
