,Clinical Trial,Drug Central,Symptomatic,Disease Modifying
0,0.08836771677352515,0.008550942700068086,0.024498563094373524,0.2493946160296779
1,0.07899094812167613,0.011683012437167453,0.07255030065058111,0.19862653541062308
2,0.09465211486985109,0.01066717317759603,0.046342583696179,0.25806346289526666
3,0.08054596306807955,0.010479231320274777,0.0553496348760463,0.003609538743976134
4,0.09377721459730332,0.00696621394172433,0.03272512632004993,0.1891704569477795
5,0.08017128583965456,0.01548582091351055,0.06489937971642798,0.19348013961203753
6,0.08738873807337244,0.012904857595501817,0.04692066525579415,0.2461410143625546
7,0.08214635740492779,0.015039556516379077,0.06508309816792297,0.1531275374685008
8,0.08830748326163344,0.012665947853153564,0.04334676868857385,0.164420270268885
9,0.026922706709019154,0.0010010588122052171,0.0018712844208374718,0.24456532325120758
