,Disaese Modifying,Clinical Trial,Drug Central,Symptomatic
0,0.9323339930969338,0.7155452364363266,0.8174875650191444,0.8897995993293148
1,0.9177503481609031,0.7010254146702817,0.7588989279345517,0.78124084405361
2,0.5,0.5,0.5,0.5
3,0.9359094142002747,0.7128063911783853,0.8251378993239048,0.8374497543849011
4,0.92073352951156,0.7223676428647752,0.7942398856226347,0.8176171224656248
5,0.9207295320997727,0.6905049448781169,0.7772787412782811,0.707269178938177
6,0.9127954895213632,0.7170284563761703,0.806794658090835,0.8245946300070123
7,0.9223922774580007,0.6994081017326528,0.826326643470514,0.8279948827157549
8,0.9271091852356453,0.725275261060534,0.7923555996881155,0.8001220772308585
9,0.9241289526911398,0.7319439392651053,0.8108167332855032,0.851771161398943
